-146950726.0000 0.0027
-146585749.0000 0.0054
-146248295.0000 0.0081
-145880772.0000 0.0108
-145550407.0000 0.0135
-145193062.0000 0.0162
-144787218.0000 0.0189
-144384084.0000 0.0216
-144028357.0000 0.0243
-143665092.0000 0.0270
-143284086.0000 0.0296
-142905492.0000 0.0323
-142551601.0000 0.0350
-142093943.0000 0.0377
-141664662.0000 0.0404
-141313759.0000 0.0431
-140934850.0000 0.0458
-140571649.0000 0.0485
-140206924.0000 0.0512
-139794685.0000 0.0539
-139452177.0000 0.0566
-139054825.0000 0.0593
-138642776.0000 0.0620
-138300835.0000 0.0647
-137891936.0000 0.0674
-137463578.0000 0.0701
-137096887.0000 0.0728
-121573709.0000 0.0755
-23902110.0000 0.0782
-23724926.0000 0.0809
-23617079.0000 0.0836
-23551041.0000 0.0863
-23461683.0000 0.0889
-22694859.0000 0.0916
-21816770.0000 0.0943
-21031419.0000 0.0970
-20910633.0000 0.0997
-20851226.0000 0.1024
-20805854.0000 0.1051
-20764857.0000 0.1078
-20739759.0000 0.1105
-20705209.0000 0.1132
-20662082.0000 0.1159
-20496898.0000 0.1186
-20270710.0000 0.1213
-20121914.0000 0.1240
-20000947.0000 0.1267
-19905045.0000 0.1294
-19776429.0000 0.1321
-19674024.0000 0.1348
-19578158.0000 0.1375
-19477389.0000 0.1402
-19390970.0000 0.1429
-19298270.0000 0.1456
-19209059.0000 0.1482
-19115026.0000 0.1509
-19054463.0000 0.1536
-18966012.0000 0.1563
-18903971.0000 0.1590
-18832063.0000 0.1617
-18781254.0000 0.1644
-18733796.0000 0.1671
-18686930.0000 0.1698
-18635328.0000 0.1725
-18603279.0000 0.1752
-18567931.0000 0.1779
-18541892.0000 0.1806
-18516371.0000 0.1833
-18496577.0000 0.1860
-18481756.0000 0.1887
-18464683.0000 0.1914
-18450537.0000 0.1941
-18424924.0000 0.1968
-18406955.0000 0.1995
-18367771.0000 0.2022
-18318869.0000 0.2049
-18276677.0000 0.2075
-18232308.0000 0.2102
-18197011.0000 0.2129
-18142755.0000 0.2156
-18116735.0000 0.2183
-18070507.0000 0.2210
-18040076.0000 0.2237
-18008661.0000 0.2264
-17976247.0000 0.2291
-17953702.0000 0.2318
-17932127.0000 0.2345
-17911448.0000 0.2372
-17888085.0000 0.2399
-17864195.0000 0.2426
-17825080.0000 0.2453
-17684915.0000 0.2480
-17478788.0000 0.2507
-17230611.0000 0.2534
-16975568.0000 0.2561
-16771813.0000 0.2588
-16627895.0000 0.2615
-16434709.0000 0.2642
-16300435.0000 0.2668
-16122846.0000 0.2695
-15997224.0000 0.2722
-15841890.0000 0.2749
-15740019.0000 0.2776
-15606323.0000 0.2803
-15489109.0000 0.2830
-15413378.0000 0.2857
-15344237.0000 0.2884
-15289100.0000 0.2911
-15163207.0000 0.2938
-14869552.0000 0.2965
-14644438.0000 0.2992
-14536943.0000 0.3019
-14459649.0000 0.3046
-14398285.0000 0.3073
-14352753.0000 0.3100
-14262686.0000 0.3127
-14191752.0000 0.3154
-14132938.0000 0.3181
-14071683.0000 0.3208
-13998374.0000 0.3235
-13929327.0000 0.3261
-13868796.0000 0.3288
-13815382.0000 0.3315
-13740820.0000 0.3342
-13666217.0000 0.3369
-13620530.0000 0.3396
-13544282.0000 0.3423
-13471020.0000 0.3450
-13408967.0000 0.3477
-13340196.0000 0.3504
-13278015.0000 0.3531
-13207861.0000 0.3558
-13146057.0000 0.3585
-13096772.0000 0.3612
-13039289.0000 0.3639
-12974370.0000 0.3666
-12894723.0000 0.3693
-12832512.0000 0.3720
-12754285.0000 0.3747
-12684488.0000 0.3774
-12650203.0000 0.3801
-12578124.0000 0.3827
-12522941.0000 0.3854
-12453094.0000 0.3881
-12385075.0000 0.3908
-12303906.0000 0.3935
-12063233.0000 0.3962
-11831929.0000 0.3989
-11602946.0000 0.4016
-11354871.0000 0.4043
-11169426.0000 0.4070
-10983753.0000 0.4097
-10789916.0000 0.4124
-10595704.0000 0.4151
-10409804.0000 0.4178
-10240299.0000 0.4205
-10082265.0000 0.4232
-9890959.0000 0.4259
-8987970.0000 0.4286
-8254136.0000 0.4313
-7965336.0000 0.4340
-7715013.0000 0.4367
-7418509.0000 0.4394
-7122369.0000 0.4420
-6788319.0000 0.4447
-6348262.0000 0.4474
-5883086.0000 0.4501
-5481982.0000 0.4528
-5072024.0000 0.4555
-4621517.0000 0.4582
-4133179.0000 0.4609
-3712520.0000 0.4636
-3320190.0000 0.4663
-2946584.0000 0.4690
-2642852.0000 0.4717
-2323359.0000 0.4744
-1975286.0000 0.4771
-1705736.0000 0.4798
-1331647.0000 0.4825
-1066956.0000 0.4852
-682240.0000 0.4879
-474339.0000 0.4906
-130302.0000 0.4933
233565.0000 0.4960
601307.0000 0.4987
1068061.0000 0.5013
1598398.0000 0.5040
2159063.0000 0.5067
2646488.0000 0.5094
3169014.0000 0.5121
3631606.0000 0.5148
4120559.0000 0.5175
4571460.0000 0.5202
5041454.0000 0.5229
5503523.0000 0.5256
5962076.0000 0.5283
6477383.0000 0.5310
7050231.0000 0.5337
7483872.0000 0.5364
8002469.0000 0.5391
8551064.0000 0.5418
9095028.0000 0.5445
9577111.0000 0.5472
10117128.0000 0.5499
10606495.0000 0.5526
11111235.0000 0.5553
11617672.0000 0.5580
12155175.0000 0.5606
12517748.0000 0.5633
12802488.0000 0.5660
13122354.0000 0.5687
13424824.0000 0.5714
13666969.0000 0.5741
14002729.0000 0.5768
14312928.0000 0.5795
14656242.0000 0.5822
14991981.0000 0.5849
15312393.0000 0.5876
15649095.0000 0.5903
15955401.0000 0.5930
16311454.0000 0.5957
16650643.0000 0.5984
17042501.0000 0.6011
17346429.0000 0.6038
17738613.0000 0.6065
18131625.0000 0.6092
18458162.0000 0.6119
18809323.0000 0.6146
19177964.0000 0.6173
19618371.0000 0.6199
19976441.0000 0.6226
20295665.0000 0.6253
20692113.0000 0.6280
21046130.0000 0.6307
21398837.0000 0.6334
21747299.0000 0.6361
22090924.0000 0.6388
22495281.0000 0.6415
22850036.0000 0.6442
23259619.0000 0.6469
23702023.0000 0.6496
24054907.0000 0.6523
24430824.0000 0.6550
24854160.0000 0.6577
25208745.0000 0.6604
25610080.0000 0.6631
26092822.0000 0.6658
26493470.0000 0.6685
26919016.0000 0.6712
27331760.0000 0.6739
27829932.0000 0.6765
28299771.0000 0.6792
28709744.0000 0.6819
29111830.0000 0.6846
29630928.0000 0.6873
30086669.0000 0.6900
30519710.0000 0.6927
30971852.0000 0.6954
31453116.0000 0.6981
31982183.0000 0.7008
32537258.0000 0.7035
32869377.0000 0.7062
33306941.0000 0.7089
33762298.0000 0.7116
34229477.0000 0.7143
34740284.0000 0.7170
35197132.0000 0.7197
35638363.0000 0.7224
36282357.0000 0.7251
36726767.0000 0.7278
37212445.0000 0.7305
37773797.0000 0.7332
38372418.0000 0.7358
38894381.0000 0.7385
39460191.0000 0.7412
39993235.0000 0.7439
40472451.0000 0.7466
41011347.0000 0.7493
41588502.0000 0.7520
42112218.0000 0.7547
42694183.0000 0.7574
43211827.0000 0.7601
43778789.0000 0.7628
44381399.0000 0.7655
44917558.0000 0.7682
45398030.0000 0.7709
46064066.0000 0.7736
46676413.0000 0.7763
47220149.0000 0.7790
47812459.0000 0.7817
48395206.0000 0.7844
49129469.0000 0.7871
49641181.0000 0.7898
50143622.0000 0.7925
50753894.0000 0.7951
51339752.0000 0.7978
51944042.0000 0.8005
52532888.0000 0.8032
53090340.0000 0.8059
53683255.0000 0.8086
54338017.0000 0.8113
54981081.0000 0.8140
55595449.0000 0.8167
56164788.0000 0.8194
56816804.0000 0.8221
57549328.0000 0.8248
58046245.0000 0.8275
58679938.0000 0.8302
59306761.0000 0.8329
60021161.0000 0.8356
60657618.0000 0.8383
61348612.0000 0.8410
61918230.0000 0.8437
62550056.0000 0.8464
63153556.0000 0.8491
63695017.0000 0.8518
64385907.0000 0.8544
64973905.0000 0.8571
65560953.0000 0.8598
66180111.0000 0.8625
66680499.0000 0.8652
67449271.0000 0.8679
68100174.0000 0.8706
68748153.0000 0.8733
69520318.0000 0.8760
70150614.0000 0.8787
70970715.0000 0.8814
71634521.0000 0.8841
72266413.0000 0.8868
72885279.0000 0.8895
73476771.0000 0.8922
74105670.0000 0.8949
74872457.0000 0.8976
75487068.0000 0.9003
76189963.0000 0.9030
76875772.0000 0.9057
77586667.0000 0.9084
78275876.0000 0.9111
78831191.0000 0.9137
79518725.0000 0.9164
80226102.0000 0.9191
80865933.0000 0.9218
81507484.0000 0.9245
82206458.0000 0.9272
82902289.0000 0.9299
83503002.0000 0.9326
84187770.0000 0.9353
84766309.0000 0.9380
84894479.0000 0.9407
84992421.0000 0.9434
85143479.0000 0.9461
85265752.0000 0.9488
85350610.0000 0.9515
85483509.0000 0.9542
85601591.0000 0.9569
85729335.0000 0.9596
85847779.0000 0.9623
85970893.0000 0.9650
86068627.0000 0.9677
86209923.0000 0.9704
86312660.0000 0.9730
86448175.0000 0.9757
86582742.0000 0.9784
86683409.0000 0.9811
86796854.0000 0.9838
86937146.0000 0.9865
87020805.0000 0.9892
87127688.0000 0.9919
87293141.0000 0.9946
92050188.0000 0.9973
119789214.0000 1.0000
